// MilkShape 3D ASCII

Frames: 30
Frame: 1

Meshes: 10
"Telhado Inferior" 0 0
8
0 -21.331385 24.602699 -19.711052 0.004904 0.337796 -1
0 -21.331385 22.320253 -19.576160 0.004904 0.371589 -1
0 21.581385 24.602699 -19.711052 0.541811 0.337796 -1
0 21.581385 22.320253 -19.576160 0.541811 0.371589 -1
0 21.581385 17.429749 -31.423840 0.541811 0.443995 -1
0 21.581385 15.897299 -31.288948 0.541811 0.466684 -1
0 -21.331385 17.429749 -31.423840 0.004904 0.443995 -1
0 -21.331385 15.897299 -31.288948 0.004904 0.466684 -1
6
0.000000 0.058997 0.998258
1.000000 0.000000 0.000000
0.000000 -0.087684 -0.996148
-1.000000 0.000000 0.000000
0.000000 0.852791 -0.522252
0.000000 -0.876818 0.480822
12
0 0 1 2 0 0 0 1
0 1 3 2 0 0 0 1
0 2 3 4 1 1 1 2
0 3 5 4 1 1 1 2
0 4 5 6 2 2 2 1
0 5 7 6 2 2 2 1
0 6 7 0 3 3 3 2
0 7 1 0 3 3 3 2
0 6 0 4 4 4 4 3
0 0 2 4 4 4 4 3
0 1 7 3 5 5 5 3
0 7 5 3 5 5 5 3
"Telhado Superior" 0 0
34
0 -21.500000 49.500000 0.250000 0.003091 0.112009 -1
0 -21.331385 47.399933 0.231661 0.003091 0.334642 -1
0 21.750000 49.500000 0.250000 0.541008 0.112009 -1
0 21.581385 47.399933 0.231661 0.541008 0.334642 -1
0 21.750000 49.500000 0.250000 0.003091 0.112009 -1
0 21.581385 47.399933 0.231661 0.003091 0.334642 -1
0 21.581385 38.427612 -27.248055 0.541008 0.112009 -1
0 21.581385 36.971050 -27.304207 0.541008 0.334642 -1
0 21.581385 38.427612 -27.248055 0.003091 0.112009 -1
0 21.581385 36.971050 -27.304207 0.003091 0.334642 -1
0 -21.331385 38.427612 -27.248055 0.541008 0.112009 -1
0 -21.331385 36.971050 -27.304207 0.541008 0.334642 -1
0 -21.331385 38.427612 -27.248055 0.003091 0.112009 -1
0 -21.331385 36.971050 -27.304207 0.003091 0.334642 -1
0 -21.500000 49.500000 0.250000 0.541008 0.112009 -1
0 -21.331385 47.399933 0.231661 0.541008 0.334642 -1
0 -21.500000 49.500000 0.250000 0.003091 0.334642 -1
0 21.750000 49.500000 0.250000 0.541008 0.334642 -1
0 -21.331385 47.399933 0.231661 0.003091 0.112009 -1
0 21.581385 47.399933 0.231661 0.541008 0.112009 -1
0 -21.331385 47.399933 0.268339 0.003091 0.334642 -1
0 21.581385 47.399933 0.268339 0.541008 0.334642 -1
0 21.581385 38.427612 27.748055 0.541008 0.112009 -1
0 21.581385 47.399933 0.268339 0.003091 0.334642 -1
0 21.581385 36.971050 27.804207 0.541008 0.334642 -1
0 -21.331385 38.427612 27.748055 0.541008 0.112009 -1
0 21.581385 36.971050 27.804207 0.003091 0.334642 -1
0 21.581385 38.427612 27.748055 0.003091 0.112009 -1
0 -21.331385 36.971050 27.804207 0.541008 0.334642 -1
0 -21.331385 36.971050 27.804207 0.003091 0.334642 -1
0 -21.331385 38.427612 27.748055 0.003091 0.112009 -1
0 -21.331385 47.399933 0.268339 0.541008 0.334642 -1
0 21.581385 47.399933 0.268339 0.541008 0.112009 -1
0 -21.331385 47.399933 0.268339 0.003091 0.112009 -1
21
0.000000 -1.000000 0.000000
0.000000 -0.008732 0.999962
0.996774 -0.080260 0.000000
0.999108 -0.040152 0.013110
1.000000 0.000000 0.000000
0.000000 0.038523 -0.999258
-0.999981 0.000240 -0.006228
-0.999124 -0.040049 0.012096
-0.999198 -0.040052 0.000000
-0.996310 -0.080260 0.030397
0.000000 0.927623 -0.373517
0.000000 1.000000 0.000000
0.000000 -0.935175 0.354186
0.000000 -0.008732 -0.999962
0.999108 -0.040152 -0.013110
0.000000 0.038523 0.999258
-0.999124 -0.040049 -0.012096
-0.999981 0.000240 0.006228
-0.996310 -0.080260 -0.030397
0.000000 0.927623 0.373517
0.000000 -0.935175 -0.354186
24
0 0 1 2 0 1 0 1
0 1 3 2 1 1 0 1
0 4 5 6 2 3 3 2
0 5 7 6 3 4 3 2
0 8 9 10 5 5 5 1
0 9 11 10 5 5 5 1
0 12 13 14 6 7 8 2
0 13 15 14 7 9 8 2
0 12 16 6 10 11 10 3
0 16 17 6 11 11 10 3
0 18 13 19 12 12 12 3
0 13 7 19 12 12 12 3
0 2 20 0 0 13 0 1
0 2 21 20 0 13 13 1
0 22 23 4 14 14 2 2
0 22 24 23 14 4 14 2
0 25 26 27 15 15 15 1
0 25 28 26 15 15 15 1
0 14 29 30 8 16 17 2
0 14 31 29 8 18 16 2
0 22 16 30 19 11 19 3
0 22 17 16 19 11 11 3
0 32 29 33 20 20 20 3
0 32 24 29 20 20 20 3
"Lados" 0 0
16
0 20.000000 0.000000 -20.000000 0.391695 0.967352 -1
0 20.000000 40.000000 20.000000 0.515788 0.845085 -1
0 20.000000 0.000000 20.000000 0.515788 0.967352 -1
0 20.000000 47.750000 0.000000 0.453729 0.821396 -1
0 20.000000 24.000000 -20.000000 0.391695 0.893992 -1
0 20.000000 39.750000 -20.000000 0.391695 0.845849 -1
0 -20.000000 0.000000 20.000000 0.515788 0.967352 -1
0 -20.000000 40.000000 20.000000 0.515788 0.845085 -1
0 -20.000000 0.000000 -20.000000 0.391695 0.967352 -1
0 -20.000000 47.750000 0.000000 0.453729 0.821396 -1
0 -20.000000 39.750000 -20.000000 0.391695 0.845849 -1
0 -20.000000 24.000000 -20.000000 0.391695 0.893992 -1
0 20.000000 17.750000 -29.750000 0.361434 0.913096 -1
0 20.000000 0.000000 -29.750000 0.361434 0.967352 -1
0 -20.000000 17.750000 -29.750000 0.361434 0.913096 -1
0 -20.000000 0.000000 -29.750000 0.361434 0.967352 -1
2
1.000000 0.000000 0.000000
-1.000000 0.000000 0.000000
12
0 0 1 2 0 0 0 1
0 1 0 3 0 0 0 1
0 4 5 3 0 0 0 1
0 0 4 3 0 0 0 1
0 6 7 8 1 1 1 1
0 9 8 7 1 1 1 1
0 9 10 11 1 1 1 1
0 9 11 8 1 1 1 1
0 0 12 4 0 0 0 1
0 0 13 12 0 0 0 1
0 11 14 8 1 1 1 1
0 14 15 8 1 1 1 1
"Paredes" 0 0
36
0 -20.000000 17.750000 -29.750000 0.510288 0.903894 -1
0 -14.000000 0.000000 -29.750000 0.487750 0.969792 -1
0 -20.000000 0.000000 -29.750000 0.510288 0.969792 -1
0 -14.000000 14.000000 -29.750000 0.487750 0.917816 -1
0 20.000000 17.750000 -29.750000 0.360074 0.903894 -1
0 -4.500000 14.000000 -29.750000 0.452082 0.917816 -1
0 2.439613 13.250000 -29.750000 0.426022 0.920600 -1
0 16.363901 13.250000 -29.750000 0.373733 0.920600 -1
0 -4.250000 0.000000 -29.750000 0.451133 0.969792 -1
0 2.439613 3.750000 -29.750000 0.426022 0.955870 -1
0 16.363901 3.750000 -29.750000 0.373733 0.955870 -1
0 20.000000 0.000000 -29.750000 0.360074 0.969792 -1
0 -20.000000 39.750000 -20.000000 0.510288 0.822216 -1
0 -14.000000 35.250000 -20.000000 0.487750 0.838923 -1
0 -20.000000 24.000000 -20.000000 0.510288 0.880690 -1
0 20.000000 39.750000 -20.000000 0.360074 0.822216 -1
0 -4.250000 35.250000 -20.000000 0.451133 0.838923 -1
0 14.250000 35.250000 -20.000000 0.381673 0.838923 -1
0 4.500000 35.250000 -20.000000 0.418291 0.838923 -1
0 14.250000 25.750000 -20.000000 0.381673 0.874193 -1
0 20.000000 24.000000 -20.000000 0.360074 0.880690 -1
0 -14.000000 25.750000 -20.000000 0.487750 0.874193 -1
0 4.500000 25.750000 -20.000000 0.418291 0.874193 -1
0 -4.250000 25.750000 -20.000000 0.451133 0.874193 -1
0 20.000000 40.000000 20.000000 0.360074 0.821288 -1
0 14.250000 25.750000 20.000000 0.381673 0.874193 -1
0 20.000000 0.000000 20.000000 0.360074 0.969792 -1
0 14.250000 35.250000 20.000000 0.381673 0.838923 -1
0 -20.000000 40.000000 20.000000 0.510288 0.821288 -1
0 -14.000000 35.250000 20.000000 0.487750 0.838923 -1
0 4.500000 25.750000 20.000000 0.418291 0.874193 -1
0 -4.250000 35.250000 20.000000 0.451133 0.838923 -1
0 -4.250000 25.750000 20.000000 0.451133 0.874193 -1
0 4.500000 35.250000 20.000000 0.418291 0.838923 -1
0 -14.000000 25.750000 20.000000 0.487750 0.874193 -1
0 -20.000000 0.000000 20.000000 0.510288 0.969792 -1
2
0.000000 0.000000 -1.000000
0.000000 0.000000 1.000000
34
0 0 1 2 0 0 0 1
0 0 3 1 0 0 0 1
0 0 4 3 0 0 0 1
0 4 5 3 0 0 0 1
0 6 5 4 0 0 0 1
0 4 7 6 0 0 0 1
0 8 6 9 0 0 0 1
0 9 10 11 0 0 0 1
0 10 4 11 0 0 0 1
0 12 13 14 0 0 0 1
0 13 12 15 0 0 0 1
0 16 13 15 0 0 0 1
0 15 17 18 0 0 0 1
0 19 17 15 0 0 0 1
0 15 20 19 0 0 0 1
0 20 14 21 0 0 0 1
0 22 16 18 0 0 0 1
0 23 16 22 0 0 0 1
0 24 25 26 1 1 1 1
0 27 25 24 1 1 1 1
0 24 28 29 1 1 1 1
0 27 24 29 1 1 1 1
0 30 31 32 1 1 1 1
0 33 31 30 1 1 1 1
0 34 28 35 1 1 1 1
0 35 25 34 1 1 1 1
0 35 26 25 1 1 1 1
0 5 6 8 0 0 0 1
0 9 11 8 0 0 0 1
0 10 7 4 0 0 0 1
0 21 14 13 0 0 0 1
0 18 16 15 0 0 0 1
0 21 19 20 0 0 0 1
0 28 34 29 1 1 1 1
"Janela de Baixo" 0 0
8
0 16.363901 13.250000 -29.750000 0.180679 0.625983 -1
0 14.578737 12.250000 -28.000000 0.164419 0.636590 -1
0 3.867745 12.250000 -28.000000 0.066871 0.636590 -1
0 2.439613 13.250000 -29.750000 0.053865 0.625983 -1
0 2.439613 3.750000 -29.750000 0.053865 0.726751 -1
0 3.867745 4.250000 -28.000000 0.066871 0.721447 -1
0 14.578737 4.250000 -28.000000 0.164419 0.721447 -1
0 16.363901 3.750000 -29.750000 0.180679 0.726751 -1
8
-0.362828 -0.600011 -0.712982
-0.116563 -0.289140 -0.950164
0.322151 -0.481365 -0.815172
0.652243 -0.292378 -0.699353
0.505676 0.627578 -0.591978
0.391253 0.388456 -0.834280
-0.382655 0.350392 -0.854869
-0.291059 0.799556 -0.525352
20
0 0 1 2 0 1 2 1
0 3 0 2 3 0 2 1
0 4 3 5 4 3 5 1
0 2 5 3 2 5 3 1
0 2 1 5 2 1 5 1
0 1 6 5 1 6 5 1
0 7 6 0 7 6 0 1
0 4 5 7 4 5 7 1
0 6 7 5 6 7 5 1
0 0 1 2 0 1 2 1
0 3 0 2 3 0 2 1
0 4 3 5 4 3 5 1
0 2 5 3 2 5 3 1
0 2 1 5 2 1 5 1
0 1 6 5 1 6 5 1
0 7 6 0 7 6 0 1
0 4 5 7 4 5 7 1
0 6 7 5 6 7 5 1
0 3 2 5 3 2 5 1
0 1 0 6 1 0 6 1
"Porta" 0 0
8
0 -14.000000 14.000000 -29.750000 0.356536 0.623491 -1
0 -4.500000 14.000000 -29.750000 0.457748 0.623491 -1
0 -12.000000 12.250000 -28.000000 0.377845 0.644591 -1
0 -6.250000 12.250000 -28.000000 0.439104 0.644591 -1
0 -4.250000 0.000000 -29.750000 0.460409 0.792291 -1
0 -6.250000 0.000000 -28.000000 0.439104 0.792291 -1
0 -14.000000 0.000000 -29.750000 0.356536 0.792291 -1
0 -12.000000 0.000000 -28.000000 0.377845 0.792291 -1
8
0.376178 -0.403942 -0.833859
-0.391649 -0.408973 -0.824228
0.301383 -0.323627 -0.896903
-0.198757 -0.198757 -0.959683
-0.658459 -0.011758 -0.752525
-0.485395 -0.004179 -0.874285
0.658505 0.000000 -0.752577
0.232667 0.000000 -0.972557
8
0 0 1 2 0 1 2 1
0 3 2 1 3 2 1 1
0 4 5 1 4 5 1 1
0 3 1 5 3 1 5 1
0 0 2 6 0 2 6 1
0 7 6 2 7 6 2 1
0 3 7 2 3 7 2 1
0 5 7 3 5 7 3 1
"Janela 4" 0 0
8
0 -14.000000 35.250000 -20.000000 0.178843 0.623380 -1
0 -4.250000 35.250000 -20.000000 0.052348 0.623380 -1
0 -13.000000 34.250000 -18.250000 0.165937 0.634308 -1
0 -14.000000 25.750000 -20.000000 0.178843 0.727196 -1
0 -13.000000 26.250000 -18.250000 0.165937 0.721732 -1
0 -4.250000 25.750000 -20.000000 0.052348 0.727196 -1
0 -5.500000 26.250000 -18.250000 0.068598 0.721732 -1
0 -5.500000 34.250000 -18.250000 0.068598 0.634308 -1
11
0.745356 -0.298142 -0.596285
-0.506928 -0.540885 -0.671169
0.652124 -0.434749 -0.621070
0.575944 0.637821 -0.511345
0.636956 0.564310 -0.525206
-0.342683 0.809842 -0.476157
-0.534316 0.631359 -0.562043
0.000000 0.000000 -1.000000
-0.300663 0.000000 -0.953731
-0.813733 0.000000 -0.581238
0.000000 -0.868243 -0.496139
20
0 0 1 2 0 1 2 1
0 3 0 4 3 0 4 1
0 2 4 0 2 4 0 1
0 5 6 1 5 6 1 1
0 3 4 5 3 4 5 1
0 6 5 4 6 5 4 1
0 0 2 4 0 2 4 1
0 0 1 2 0 1 2 1
0 3 0 4 3 0 4 1
0 2 4 0 2 4 0 1
0 5 6 1 5 6 1 1
0 3 4 5 3 4 5 1
0 6 5 4 6 5 4 1
0 7 6 4 7 7 7 1
0 7 6 4 7 7 7 1
0 2 7 4 7 8 7 1
0 7 1 6 8 9 9 1
0 2 7 4 7 8 7 1
0 1 7 2 10 10 10 1
0 1 7 2 10 10 10 1
"Janela 2" 0 0
8
0 -13.000000 34.250000 18.250000 0.166473 0.632874 -1
0 -4.250000 35.250000 20.000000 0.045024 0.621528 -1
0 -14.000000 35.250000 20.000000 0.180271 0.621528 -1
0 -13.000000 26.250000 18.250000 0.166473 0.723641 -1
0 -14.000000 25.750000 20.000000 0.180271 0.729314 -1
0 -5.500000 34.250000 18.250000 0.062399 0.632874 -1
0 -5.500000 26.250000 18.250000 0.062399 0.723641 -1
0 -4.250000 25.750000 20.000000 0.045024 0.729314 -1
9
0.476537 -0.317692 0.819747
-0.601703 -0.428006 0.674362
0.745356 -0.298142 0.596285
0.454862 0.402984 0.794169
0.575944 0.637821 0.511345
-0.174886 0.000000 0.984589
-0.460614 0.362847 0.810047
-0.342683 0.809842 0.476157
0.000000 -0.868243 0.496139
20
0 0 1 2 0 1 2 1
0 3 2 4 3 2 4 1
0 2 3 0 2 3 0 1
0 3 5 0 3 5 0 1
0 3 6 5 3 6 5 1
0 1 6 7 1 6 7 1
0 7 3 4 7 3 4 1
0 3 7 6 3 7 6 1
0 0 1 2 0 1 2 1
0 3 2 4 3 2 4 1
0 2 3 0 2 3 0 1
0 3 5 0 3 5 0 1
0 3 6 5 3 6 5 1
0 1 6 7 1 6 7 1
0 7 3 4 7 3 4 1
0 3 7 6 3 7 6 1
0 3 0 2 3 0 2 1
0 6 1 5 6 1 5 1
0 0 5 1 8 8 8 1
0 0 5 1 8 8 8 1
"Janela 1" 0 0
8
0 5.500000 34.250000 18.250000 0.289917 0.633147 -1
0 13.000000 34.250000 18.250000 0.197984 0.633147 -1
0 14.250000 35.250000 20.000000 0.182647 0.621738 -1
0 4.500000 35.250000 20.000000 0.302123 0.621738 -1
0 5.500000 26.250000 18.250000 0.289917 0.724415 -1
0 4.500000 25.750000 20.000000 0.302123 0.730119 -1
0 13.000000 26.250000 18.250000 0.197984 0.724415 -1
0 14.250000 25.750000 20.000000 0.182647 0.730119 -1
9
0.372868 -0.497157 0.783457
0.000000 -0.328528 0.944494
0.000000 -0.868243 0.496139
0.745356 -0.298142 0.596285
0.454862 0.402984 0.794169
0.575944 0.637821 0.511345
0.000000 0.602196 0.798349
0.000000 0.961524 0.274721
-0.813733 0.000000 0.581238
20
0 0 1 2 0 1 2 1
0 0 2 3 0 2 3 1
0 4 3 5 4 3 5 1
0 3 4 0 3 4 0 1
0 4 1 0 4 1 0 1
0 4 6 1 4 6 1 1
0 7 4 5 7 4 5 1
0 4 7 6 4 7 6 1
0 0 1 2 0 1 2 1
0 0 2 3 0 2 3 1
0 4 3 5 4 3 5 1
0 3 4 0 3 4 0 1
0 4 1 0 4 1 0 1
0 4 6 1 4 6 1 1
0 7 4 5 7 4 5 1
0 4 7 6 4 7 6 1
0 4 0 3 4 0 3 1
0 6 2 1 8 8 8 1
0 2 6 7 8 8 8 1
0 2 6 7 8 8 8 1
"Janela 3" 0 0
8
0 13.000000 26.250000 -18.250000 0.133737 0.723538 -1
0 14.250000 25.750000 -20.000000 0.118092 0.728946 -1
0 5.500000 26.250000 -18.250000 0.227515 0.723538 -1
0 4.500000 35.250000 -20.000000 0.239966 0.626180 -1
0 14.250000 35.250000 -20.000000 0.118092 0.626180 -1
0 5.500000 34.250000 -18.250000 0.227515 0.636997 -1
0 4.500000 25.750000 -20.000000 0.239966 0.728946 -1
0 13.000000 34.250000 -18.250000 0.133737 0.636997 -1
10
0.000000 0.961524 -0.274721
0.745356 -0.298142 -0.596285
-0.601703 -0.428006 -0.674362
0.476537 -0.317692 -0.819747
0.575944 0.637821 -0.511345
0.511734 0.226685 -0.828699
-0.174886 0.000000 -0.984589
-0.546212 0.000000 -0.837647
-0.534316 0.631359 -0.562043
0.000000 -0.868243 -0.496139
20
0 0 1 2 0 0 0 1
0 0 1 2 0 0 0 1
0 3 4 5 1 2 3 1
0 6 3 2 4 1 5 1
0 5 2 3 3 5 1 1
0 5 7 2 3 6 5 1
0 7 0 2 6 7 5 1
0 1 0 4 8 7 2 1
0 6 2 1 4 5 8 1
0 3 4 5 1 2 3 1
0 6 3 2 4 1 5 1
0 5 2 3 3 5 1 1
0 5 7 2 3 6 5 1
0 7 0 2 6 7 5 1
0 1 0 4 8 7 2 1
0 6 2 1 4 5 8 1
0 3 5 2 1 3 5 1
0 7 4 0 6 2 7 1
0 4 7 5 9 9 9 1
0 4 7 5 9 9 9 1

Materials: 1
"Textura"
0.200000 0.200000 0.200000 1.000000
0.800000 0.800000 0.800000 1.000000
0.000000 0.000000 0.000000 1.000000
0.000000 0.000000 0.000000 1.000000
0.000000
1.000000
".\textura coisa.JPG"
""

Bones: 0
